Standart way
mean: 152.7206871868289
var: 57672.84569843345

Map-Reduce
mean: 152.7206871868289
var: 57672.8456984336